&CPMD
  MOLECULAR DYNAMICS BO
  sURFACE HOPPING
  optimize wavefunction
  fILE FUSION
     RESTART_S0 
     RESTART_S1
  RESTART GEOFILE
  MAXSTEP
     1
  PCG minimize
  TIMESTEP
     5
  TIMESTEP IONS
     1
  CONVERGENCE ORBITALS
     4e-6 
  EXTRAPOLATE WFN
     4
  TRAJECTORY XYZ SAMPLE
     100
  VDW CORRECTION OFF
  RHOOUT BANDS SAMPLE=100
    2
    -240 -241
  tEMPERATURE
    500.0000000000
  tEMPERATURE ELECTRON
    500.0000000000
  REAL SPACE WFN KEEP
  STORE
    100
  RESTFILE
    1
  nOSE IONS
    500.0000000000 10000
  ROKS SINGLET 
&END

&VDW
  VDW PARAMETERS
  aLL GRIMME
&END

&SYSTEM
  MESH
    144 144 144
  SYMMETRY
    1
  CELL
20.867968289 1.000000 1.000000 0.000000 0.000000 0.000000
  CUTOFF
    70
  DUAL
     4
  TESR
    2 2 2
  SCALED
&END

&ATOMS
*H_GIA_BLYP   KLEINMAN-BYLANDER
  LMAX=S
480
0.2397 0.2215 0.9855
0.2603 0.2785 1.0145
0.6218 0.1217 0.5917
0.6282 0.1283 0.6583
0.2320 0.5976 0.2426
0.2680 0.6524 0.2574
0.1183 0.3428 0.2432
0.1317 0.4072 0.2568
0.8700 0.9888 0.2187
0.8800 1.0112 0.2813
0.8597 0.7266 0.9814
0.8903 0.7734 1.0186
0.6030 0.9834 0.4808
0.6470 1.0166 0.5192
0.8433 0.8707 0.8647
0.9067 0.8793 0.8853
0.2269 0.3684 0.1015
0.2731 0.3816 0.1485
0.8620 0.1016 0.2297
0.8880 0.1484 0.2703
0.3684 0.3733 0.9671
0.3816 0.3767 1.0329
0.8701 0.8536 0.3496
0.8799 0.8964 0.4004
0.4845 0.9826 0.4758
0.5155 1.0174 0.5242
0.1240 0.7177 0.8657
0.1260 0.7823 0.8843
0.4965 0.0981 0.3553
0.5035 0.1519 0.3947
0.1057 0.1146 0.3495
0.1443 0.1354 0.4005
0.6020 0.7423 0.4768
0.6480 0.7577 0.5232
0.9728 0.4833 0.8646
1.0272 0.5167 0.8854
0.1028 0.4781 0.9876
0.1472 0.5219 1.0124
0.6195 0.7385 0.8439
0.6305 0.7615 0.9061
0.9795 0.5996 0.2421
1.0205 0.6504 0.2579
0.9829 0.7228 0.7401
1.0171 0.7772 0.7599
0.4788 0.9823 0.6060
0.5212 1.0177 0.6440
0.6248 0.9702 0.1095
0.6252 1.0298 0.1405
0.4713 0.4825 0.6247
0.5287 0.5175 0.6253
0.3523 0.1217 0.1005
0.3977 0.1283 0.1495
0.3490 0.2288 0.1230
0.4010 0.2712 0.1270
0.2218 0.1068 0.9997
0.2782 0.1432 1.0003
0.6226 0.7255 0.6021
0.6274 0.7745 0.6479
0.3524 0.4789 0.8619
0.3976 0.5211 0.8881
0.4836 0.8620 0.8487
0.5164 0.8880 0.9013
0.7458 0.1083 0.8462
0.7542 0.1417 0.9038
0.3575 0.8530 0.8566
0.3925 0.8970 0.8934
0.2302 0.8543 0.8575
0.2698 0.8957 0.8925
0.3478 0.4915 0.9823
0.4022 0.5085 1.0177
0.9716 0.4910 0.2345
1.0284 0.5090 0.2655
0.9939 0.0980 0.1060
1.0061 0.1520 0.1440
0.4911 0.9933 0.3433
0.5089 1.0067 0.4067
0.2452 0.3565 0.4724
0.2548 0.3935 0.5276
0.9883 0.2247 0.4813
1.0117 0.2753 0.5187
0.2347 0.1103 0.7239
0.2653 0.1397 0.7761
0.3492 0.3638 0.1066
0.4008 0.3862 0.1434
0.2401 0.8432 0.1207
0.2599 0.9068 0.1293
0.2254 0.6056 0.4878
0.2746 0.6444 0.5122
0.6211 0.4701 0.1102
0.6289 0.5299 0.1398
0.4902 0.0973 0.7337
0.5098 0.1527 0.7663
0.2273 0.3533 0.9880
0.2727 0.3967 1.0120
0.2414 0.4776 0.2265
0.2586 0.5224 0.2735
0.6140 0.9800 0.3503
0.6360 1.0200 0.3997
0.4808 0.2296 0.6065
0.5192 0.2704 0.6435
0.5971 0.3715 0.9817
0.6529 0.3785 1.0183
0.9941 0.0929 0.9921
1.0059 0.1571 1.0079
0.9780 0.6091 0.3552
1.0220 0.6409 0.3948
0.3418 0.4955 0.3721
0.4082 0.5045 0.3779
0.8637 0.9709 0.7376
0.8863 1.0291 0.7624
0.2500 0.5925 0.9915
0.2500 0.6575 1.0085
0.8493 0.7374 0.4823
0.9007 0.7626 0.5177
0.7345 0.6018 0.8563
0.7655 0.6482 0.8937
0.9787 0.7346 0.2291
1.0213 0.7654 0.2709
0.3523 0.9929 0.3513
0.3977 1.0071 0.3987
0.6048 0.5996 0.6165
0.6452 0.6504 0.6335
0.5971 0.4905 0.6089
0.6529 0.5095 0.6411
0.7280 0.6238 0.5997
0.7720 0.6262 0.6503
0.2253 0.3622 0.8563
0.2747 0.3878 0.8937
0.7224 0.8560 0.1241
0.7776 0.8940 0.1259
0.7400 0.9795 0.9754
0.7600 1.0205 1.0246
0.4878 0.9836 0.9734
0.5122 1.0164 1.0266
0.5978 0.6058 0.3704
0.6522 0.6442 0.3796
0.6101 0.8508 0.7321
0.6399 0.8992 0.7679
0.6064 0.7293 0.3562
0.6436 0.7707 0.3938
0.8494 0.8540 0.7444
0.9006 0.8960 0.7556
0.5942 0.1188 0.7381
0.6558 0.1312 0.7619
0.6178 0.3424 0.8710
0.6322 0.4076 0.8790
0.1058 0.3592 0.1024
0.1442 0.3908 0.1476
0.0963 0.6088 0.4937
0.1537 0.6412 0.5063
0.7290 0.3592 0.8541
0.7710 0.3908 0.8959
0.6099 0.8537 0.3539
0.6401 0.8963 0.3961
0.1196 0.5941 0.2380
0.1304 0.6559 0.2620
0.6200 0.6180 0.4676
0.6300 0.6320 0.5324
0.6210 0.1016 0.1012
0.6290 0.1484 0.1488
0.7361 0.2196 0.2465
0.7639 0.2804 0.2535
0.6059 0.6001 0.2380
0.6441 0.6499 0.2620
0.6183 0.9699 0.8618
0.6317 1.0301 0.8882
0.4729 0.2315 0.9926
0.5271 0.2685 1.0074
0.6026 0.3531 0.1127
0.6474 0.3969 0.1373
0.3677 0.9734 0.4809
0.3823 1.0266 0.5191
0.4707 0.3610 0.3667
0.5293 0.3890 0.3833
0.4857 0.4795 0.7275
0.5143 0.5205 0.7725
0.7434 0.5995 0.2291
0.7566 0.6505 0.2709
0.4834 0.1178 0.8467
0.5166 0.1322 0.9033
0.1158 0.1017 0.8526
0.1342 0.1483 0.8974
0.2254 0.9971 0.2273
0.2746 1.0029 0.2727
0.8414 0.6248 0.2491
0.9086 0.6252 0.2509
0.1018 0.3709 0.3511
0.1482 0.3791 0.3989
0.4969 0.2453 0.7169
0.5031 0.2547 0.7831
0.6019 0.4942 0.4763
0.6481 0.5058 0.5237
0.4778 0.9799 0.1098
0.5222 1.0201 0.1402
0.2215 0.8654 0.3601
0.2785 0.8846 0.3899
0.9713 0.4906 0.9853
1.0287 0.5094 1.0147
0.0956 0.8615 0.2410
0.1544 0.8885 0.2590
0.4895 0.6193 0.5936
0.5105 0.6307 0.6564
0.4772 0.2256 0.4969
0.5228 0.2744 0.5031
0.7377 0.2332 0.3486
0.7623 0.2668 0.4014
0.9780 0.4807 0.3585
1.0220 0.5193 0.3915
0.3518 0.1135 0.2286
0.3982 0.1365 0.2714
0.3476 0.4807 0.6233
0.4024 0.5193 0.6267
0.7343 0.3584 0.4754
0.7657 0.3916 0.5246
0.2294 0.6088 0.7290
0.2706 0.6412 0.7710
0.2343 0.0977 0.1133
0.2657 0.1523 0.1367
0.9823 0.1062 0.8535
1.0177 0.1438 0.8965
0.9833 0.7451 0.9713
1.0167 0.7549 1.0287
0.3588 0.8538 0.2296
0.3912 0.8962 0.2704
0.3420 0.7457 0.2459
0.4080 0.7543 0.2541
0.3459 0.3584 0.4976
0.4041 0.3916 0.5024
0.8537 0.1089 0.6047
0.8963 0.1411 0.6453
0.3535 0.9774 0.1125
0.3965 1.0226 0.1375
0.5971 0.4932 0.2326
0.6529 0.5068 0.2674
0.2342 0.8637 0.4726
0.2658 0.8863 0.5274
0.1017 0.7403 0.4779
0.1483 0.7597 0.5221
0.9913 0.8434 0.9929
1.0087 0.9066 1.0071
0.0977 0.7306 0.2480
0.1523 0.7694 0.2520
0.1043 0.3597 0.7285
0.1457 0.3903 0.7715
0.3563 0.1102 0.3513
0.3937 0.1398 0.3987
0.1007 0.7289 0.9904
0.1493 0.7711 1.0096
0.9778 0.4750 0.4965
1.0222 0.5250 0.5035
0.3737 0.7177 0.8660
0.3763 0.7823 0.8840
0.7244 0.2291 0.1192
0.7756 0.2709 0.1308
0.6126 0.7456 0.9691
0.6374 0.7544 1.0309
0.4992 0.2381 0.8436
0.5008 0.2619 0.9064
0.7285 0.9766 0.3640
0.7715 1.0234 0.3860
0.9744 0.2445 0.6040
1.0256 0.2555 0.6460
0.8652 1.0000 0.3429
0.8848 1.0000 0.4071
0.4930 0.2259 0.3526
0.5070 0.2741 0.3974
0.4714 0.7343 0.3670
0.5286 0.7657 0.3830
0.0986 0.8568 0.9900
0.1514 0.8932 1.0100
0.2481 0.4738 0.8541
0.2519 0.5262 0.8959
0.4752 0.7447 0.8530
0.5248 0.7553 0.8970
0.3589 0.6086 0.8506
0.3911 0.6414 0.8994
0.9706 0.8591 0.6216
1.0294 0.8909 0.6284
0.1087 0.8463 0.1189
0.1413 0.9037 0.1311
0.2368 0.2197 0.3691
0.2632 0.2803 0.3809
0.8542 0.2301 0.4827
0.8958 0.2699 0.5173
0.9789 0.8600 0.7286
1.0211 0.8900 0.7714
0.3538 0.6038 0.9848
0.3962 0.6462 1.0152
0.8520 0.4776 0.9903
0.8980 0.5224 1.0097
0.1106 0.4714 0.7398
0.1394 0.5286 0.7602
0.2231 0.8708 0.7303
0.2769 0.8792 0.7697
0.3669 0.3590 0.8466
0.3831 0.3910 0.9034
0.7229 0.8724 0.4804
0.7771 0.8776 0.5196
0.4726 0.6191 0.9816
0.5274 0.6309 1.0184
0.4936 0.6131 0.4692
0.5064 0.6369 0.5308
0.6128 0.3528 0.3530
0.6372 0.3972 0.3970
0.3536 0.8507 0.6161
0.3964 0.8993 0.6339
0.1134 0.6044 0.7262
0.1366 0.6456 0.7738
0.9870 0.7273 0.3540
1.0130 0.7727 0.3960
0.9784 0.7249 0.4945
1.0216 0.7751 0.5055
0.9939 0.6170 0.0930
1.0061 0.6330 0.1570
0.8509 0.1245 0.1016
0.8991 0.1255 0.1484
0.9763 0.9762 0.9995
1.0237 1.0238 1.0005
0.7364 0.2362 0.8476
0.7636 0.2638 0.9024
0.3546 0.9805 0.2318
0.3954 1.0195 0.2682
0.2284 0.1055 0.4832
0.2716 0.1445 0.5168
0.6237 0.9960 0.5917
0.6263 1.0040 0.6583
0.7278 0.3571 0.2322
0.7722 0.3929 0.2678
0.5991 0.6036 0.1242
0.6509 0.6464 0.1258
0.5996 0.8548 0.4914
0.6504 0.8952 0.5086
0.7276 0.1180 0.2260
0.7724 0.1320 0.2740
0.2347 0.4793 0.6034
0.2653 0.5207 0.6466
0.6183 0.7277 0.1008
0.6317 0.7723 0.1492
0.8741 0.9686 0.8631
0.8759 1.0314 0.8869
0.9809 0.3642 0.3496
1.0191 0.3858 0.4004
0.1121 0.8516 0.8546
0.1379 0.8984 0.8954
0.7280 0.6006 0.4929
0.7720 0.6494 0.5071
0.1063 0.6139 0.5994
0.1437 0.6361 0.6506
0.1101 0.2319 0.2260
0.1399 0.2681 0.2740
0.2208 0.2436 0.8598
0.2792 0.2564 0.8902
0.4724 0.1073 0.9928
0.5276 0.1427 1.0072
0.8607 0.4771 0.4801
0.8893 0.5229 0.5199
0.7487 0.7258 0.9768
0.7513 0.7742 1.0232
0.3534 0.7386 0.3519
0.3966 0.7614 0.3981
0.2208 0.7336 0.8737
0.2792 0.7664 0.8763
0.9878 0.8578 0.4739
1.0122 0.8922 0.5261
0.2481 0.4800 0.3481
0.2519 0.5200 0.4019
0.7330 0.9754 0.7349
0.7670 1.0246 0.7651
0.6226 0.4836 0.3458
0.6274 0.5164 0.4042
0.9803 0.7347 0.8525
1.0197 0.7653 0.8975
0.9825 0.6060 0.8535
1.0175 0.6440 0.8965
0.3610 0.9861 0.7228
0.3890 1.0139 0.7772
0.0980 0.2315 0.4923
0.1520 0.2685 0.5077
0.6000 0.2377 0.2313
0.6500 0.2623 0.2687
0.4953 0.3723 0.4669
0.5047 0.3777 0.5331
0.1155 0.9810 0.2240
0.1345 1.0190 0.2760
0.2462 0.2211 0.2334
0.2538 0.2789 0.2666
0.1050 0.3656 0.8497
0.1450 0.3844 0.9003
0.8478 0.2455 0.7308
0.9022 0.2545 0.7692
0.1004 0.9962 0.1024
0.1496 1.0038 0.1476
0.6049 0.7281 0.7344
0.6451 0.7719 0.7656
0.4730 0.3550 0.8744
0.5270 0.3950 0.8756
0.8473 0.1108 0.8624
0.9027 0.1392 0.8876
0.7500 0.7173 0.4924
0.7500 0.7827 0.5076
0.9903 0.3513 0.6033
1.0097 0.3987 0.6467
0.8741 0.5967 0.1070
0.8759 0.6533 0.1430
0.5971 0.1071 0.9949
0.6529 0.1429 1.0051
0.7243 0.7491 0.1034
0.7757 0.7509 0.1466
0.8659 0.7177 0.7486
0.8841 0.7823 0.7514
0.8520 0.8525 0.1155
0.8980 0.8975 0.1345
0.6176 0.7321 0.2226
0.6324 0.7679 0.2774
0.4733 0.8598 0.1113
0.5267 0.8902 0.1387
0.7191 0.4882 0.2441
0.7809 0.5118 0.2559
0.3717 0.4752 0.7276
0.3783 0.5248 0.7724
0.4794 0.9858 0.8526
0.5206 1.0142 0.8974
0.9875 0.8595 0.2230
1.0125 0.8905 0.2770
0.2381 0.6072 0.5991
0.2619 0.6428 0.6509
0.9997 0.0914 0.4997
1.0003 0.1586 0.5003
0.3546 0.8656 0.7250
0.3954 0.8844 0.7750
0.7405 0.7324 0.7231
0.7595 0.7676 0.7769
0.9883 0.2186 0.7483
1.0117 0.2814 0.7517
0.4851 0.3599 0.7240
0.5149 0.3901 0.7760
0.0918 0.7482 0.6200
0.1582 0.7518 0.6300
0.7183 0.7455 0.2398
0.7817 0.7545 0.2602
0.2259 0.7268 0.4966
0.2741 0.7732 0.5034
0.0963 0.9967 0.6079
0.1537 1.0033 0.6421
0.1062 0.4736 0.8662
0.1438 0.5264 0.8838
0.4924 0.5927 0.7446
0.5076 0.6573 0.7554
0.9979 0.3743 0.2165
1.0021 0.3757 0.2835
0.3691 0.7310 0.9730
0.3809 0.7690 1.0270
0.8612 0.2273 0.8545
0.8888 0.2727 0.8955
0.4897 0.7302 0.4749
0.5103 0.7698 0.5251
0.8525 0.7288 0.2370
0.8975 0.7712 0.2630
0.8464 0.2352 0.1153
0.9036 0.2648 0.1347
0.6062 0.9926 0.2231
0.6438 1.0074 0.2769
0.8612 0.2393 0.2213
0.8888 0.2607 0.2787
0.3725 0.8419 0.9952
0.3775 0.9081 1.0048
0.6006 0.2472 0.1021
0.6494 0.2528 0.1479
0.5949 0.8604 0.1221
0.6551 0.8896 0.1279
0.1130 0.2321 0.5992
0.1370 0.2679 0.6508
0.7365 0.9791 0.1025
0.7635 1.0209 0.1475
0.2422 0.3436 0.6161
0.2578 0.4064 0.6339
0.0990 0.6206 0.9792
0.1510 0.6294 1.0208
0.8653 0.7213 0.3605
0.8847 0.7787 0.3895
&END

&DFT
  NEWCODE
  FUNCTIONAL BLYP
  GC-CUTOFF
    5e-6
&END  
