&CPMD
  MOLECULAR DYNAMICS BO
  sURFACE HOPPING
  optimize wavefunction
  file fusion
     restart_s0 
     restart_s1
  RESTART COORDINATES GEOMETRY VELOCITIES latest
  STRESS TENSOR
     1
  MAXSTEP
     300000
  PCG minimize
  TIMESTEP
     5
  TIMESTEP IONS
     1
  CONVERGENCE ORBITALS
     1e-6 
  EXTRAPOLATE WFN
     4
  TRAJECTORY XYZ SAMPLE
     50
  VDW CORRECTION OFF
  RHOOUT BANDS SAMPLE=100
    3
    -30 -31 -32
  tEMPERATURE
    1000
  tEMPERATURE ELECTRON
    1000
  REAL SPACE WFN KEEP
  STORE
    10000
  RESTFILE
    10
  nOSE IONS
    1000 10000
&END

&VDW
  VDW PARAMETERS
  aLL GRIMME
&END

&SYSTEM
  SYMMETRY
    1
  CELL
9.479904 1.000000 1.000000 0.000000 0.000000 0.000000
  CUTOFF
    70
  DUAL
     4
  TESR
    2 2 2
  SCALE
&END

&ATOMS
*H_GIA_BLYP   KLEINMAN-BYLANDER
  LMAX=S
    60
0.4965 0.6809 0.9739
0.5035 0.8191 1.0261
0.7329 0.9303 0.7322
0.7671 1.0697 0.7678
0.2053 0.7386 0.6922
0.2947 0.7614 0.8078
0.2007 0.7106 0.2116
0.2993 0.7894 0.2884
0.4661 0.1898 0.2237
0.5339 0.3102 0.2763
0.2275 0.2492 0.4296
0.2725 0.2508 0.5704
0.7059 0.7062 0.9600
0.7941 0.7938 1.0400
0.1990 0.2036 0.2234
0.3010 0.2964 0.2766
0.9929 0.2295 0.6793
1.0071 0.2705 0.8207
0.9481 0.4482 0.9907
1.0519 0.5518 1.0093
0.9721 0.4438 0.7109
1.0279 0.5562 0.7891
0.7161 0.1920 0.4692
0.7839 0.3080 0.5308
0.4683 0.4338 0.4912
0.5317 0.5662 0.5088
0.4569 0.9947 0.4402
0.5431 1.0053 0.5598
0.2297 0.9484 0.9511
0.2703 1.0516 1.0489
0.1790 0.4862 0.4849
0.3210 0.5138 0.5151
0.9975 0.6883 0.4593
1.0025 0.8117 0.5407
0.2059 0.4929 0.9411
0.2941 0.5071 1.0589
0.4806 0.7179 0.1863
0.5194 0.7821 0.3137
0.7029 0.7046 0.4656
0.7971 0.7954 0.5344
0.6991 0.4716 0.2046
0.8009 0.5284 0.2954
0.4453 0.7439 0.7006
0.5547 0.7561 0.7994
0.2213 0.4908 0.1825
0.2787 0.5092 0.3175
0.7114 0.9799 0.4403
0.7886 1.0201 0.5597
0.9394 0.7088 0.7402
1.0606 0.7912 0.7598
0.6808 0.4999 0.9740
0.8192 0.5001 1.0260
0.4631 0.7062 0.4533
0.5369 0.7938 0.5467
0.1804 0.2259 0.9936
0.3196 0.2741 1.0064
0.1956 0.7057 0.9766
0.3044 0.7943 1.0234
0.9445 0.2018 0.2422
1.0555 0.2982 0.2578
&END

&DFT
  NEWCODE
  FUNCTIONAL BLYP
  GC-CUTOFF
    5e-6
&END  
