&CPMD
  MOLECULAR DYNAMICS BO
  SURFACE HOPPING
  optimize wavefunction
  fILE FUSION
     RESTART_S0 
     RESTART_S1
  RESTART WAVEFUNCTION COORDINATES GEOMETRY VELOCITIES
  MAXSTEP
     300000
  PCG minimize
  TIMESTEP
     5
  TIMESTEP IONS
     1
  CONVERGENCE ORBITALS
     1e-6 
  EXTRAPOLATE WFN
     4
  TRAJECTORY XYZ SAMPLE
     100
  VDW CORRECTION OFF
  rHOOUT BANDS SAMPLE=100
    2
    -30 -31
  tEMPERATURE
    500.0000000000
  tEMPERATURE ELECTRON
    500.0000000000
  REAL SPACE WFN KEEP
  STORE
    100
  RESTFILE
    1
  nOSE IONS
    500.0000000000 10000
  ROKS SINGLET 
&END

&VDW
  VDW PARAMETERS
  aLL GRIMME
&END

&SYSTEM
  MESH
    60 60 60
  SYMMETRY
    1
  CELL
10.433984 1.000000 1.000000 0.000000 0.000000 0.000000
  CUTOFF
    70
  DUAL
     4
  TESR
    2 2 2
  SCALED
&END

&ATOMS
*H_GIA_BLYP   KLEINMAN-BYLANDER
  LMAX=S
    60
0.1501 0.6626 0.1017
0.1833 0.6707 0.2316
0.8044 0.1414 0.4450
0.8623 0.1920 0.5550
0.4648 0.1631 0.2762
0.5352 0.1702 0.3904
0.6615 0.7755 0.4662
0.6718 0.8911 0.5338
0.7706 0.6517 0.3148
0.8961 0.6816 0.3519
0.6225 0.3066 0.6237
0.7108 0.3600 0.7097
0.2795 0.1321 0.3128
0.3871 0.2013 0.3539
0.7872 0.3150 0.6214
0.8794 0.3517 0.7119
0.4694 0.1227 0.7928
0.5306 0.2106 0.8738
0.6290 0.6572 0.2785
0.7043 0.6762 0.3881
0.1280 0.2831 0.3111
0.2053 0.3836 0.3555
0.8257 0.1245 0.7816
0.8410 0.2088 0.8850
0.8305 0.4764 0.2705
0.8362 0.5236 0.3961
0.1313 0.1305 0.2892
0.2020 0.2029 0.3775
0.8135 0.2904 0.1190
0.8532 0.3762 0.2144
0.8333 0.5000 0.6667
0.1667 0.6667 0.5000
0.5000 0.8333 0.1667
0.8333 0.1667 0.6667
0.3333 0.3333 0.6667
0.6667 0.3333 0.1667
0.8333 0.3333 0.5000
0.6667 0.1667 0.3333
0.5000 0.3333 0.3333
0.3333 0.8333 0.6667
0.6667 0.8333 0.6667
0.5000 0.8333 0.6667
0.1667 0.5000 0.6667
0.3333 0.3333 0.5000
0.1667 0.1667 0.8333
0.1667 0.8333 0.3333
0.3333 0.8333 0.5000
0.3333 0.1667 0.1667
0.8333 0.6667 0.6667
0.1667 0.8333 0.6667
0.3333 0.5000 0.3333
0.1667 0.8333 0.8333
0.3333 0.5000 0.8333
0.5000 0.6667 0.5000
0.6667 0.1667 0.6667
0.3333 0.3333 0.3333
0.1667 0.6667 0.3333
0.6667 0.1667 0.8333
0.1667 0.5000 0.3333
0.5000 0.6667 0.6667
&END

&DFT
  NEWCODE
  FUNCTIONAL BLYP
  GC-CUTOFF
    5e-6
&END  
