           218
   -1080048081   -1747760212      89330309   -1158167381    -606176106
   -1741885147   -1956925492    -746632015     -34635387   -1133459862
   -1832992157    1429103793     411697449    1678879583   -1852575175
    1052931914    -209439139    -242196861     829105988     832010220
    1351387207    -112562784   -1594258750    -526404664    -598654547
    -629429906   -1240807394    1622575907    1140101296     780832124
   -1064969779   -1435616325    1670079819   -1605903637   -2012713001
     883034448    1583058227     547876840   -1758139305     774278098
   -2086786835   -1500461043     860310426    -179505251    1595474254
    -293898899    1555644397    1213263222    -786973388    -848715231
    -435980105    1335279766   -1827579192    1730347114   -1151822580
    -116384368    1308015132     716729289   -1805234956   -1889669286
    1546364454     119200739    1880222823    -145355324    1774351789
    1283202722    1839579566    1353636895    1650096158   -2064862372
    1422490405    -201593441    1799835531    1775633543    -894217819
    2052655243     756801311   -1541256265    2090110786    -338529780
     955163932   -2061315904    1590589715      61577494    -466955463
   -1785944374     791080350    -279489388     753796868    -399786984
    -204091177   -1713832868     141550434   -2021544292    -172108016
    -136051267    -651420862   -1381521210     997356502     198005368
    -208959954     470323282   -1868357694     956125377    1924233790
    1293669040   -1271974547    -298900952    -147717579   -1496204283
    1124688773      90255379      40790345     738635906    1574438337
    1888211883    -791784294    -497329476    1202517745   -1913665376
     657454410     704664669     318449529     -26525124    1676114709
    -954303278    -345635351   -1405673032    1076852127   -1334130146
    1769739498   -2087136488     376209432     843497648    1278633857
   -1686697730    1477477773   -1485786813   -2091547299   -1711431600
     -28274026    -917042576    -276251488    1185341901   -1563864727
   -1975583985   -1860336013   -1949134445     189367883     884609268
   -1641075861   -1390351513     129207294     945876063     690204322
    1804288939     765613096   -2123067502    -415603058    1602421818
     -25311878    -683938434    -679499790     922898739    -147310945
   -1248318080    1547561692      25388088     -80736707    -147169060
   -1770544773   -1104219884   -1722322200     846776253    -860562208
    1412824880   -1269075842    1994955108    1450585934    -418352190
    -757800643    1848750060     363115841     977934114    1818226285
     834045595    -999248755    -135276265    -368335440    1281477968
    1051356985   -1122700668    1502765254      17569040     793292768
    -203994507     769176730    -536045770    1926430007    -323776668
    1318399855   -1100359476    -932971679   -2103091223   -1456349606
    1067331952     690562197     778993758    1172346243   -1543949214
     156238369    2032198070    1633073384   -1285735486   -2116634964
    -697498735     -98875556   -1034819581     146412906    -625128909
      60244515     813210006    -943879508     862861163     895172528
   -1133092712     900305355     229286201      53954397   -1106643292
     280159328    1564259539   -2118818469    1375434125    1276504411
     867450940     539737632     470755801   -1015717727    -324651012
   -1822489624    1184390944    -211892768   -1367098339     730740590
   -1738966216   -1775661025   -1778161468    -322906796    1373469833
     183750989    1602850337    1253193003     321429881   -1958629677
   -1167667991   -1283557767    1785644101    2138718046   -1290015560
   -1032299595   -1453029968     302065763    -645679945   -1500107590
     389486344   -1832008446   -1189551410    -231695948    -238453476
    1187856720    1817871193     405548195    -878661873   -1037519108
     654109257    1302529686     955371875     805023620    -881591313
   -1010280538    1273633340      24868521    -924082244   -1798878893
    1750446514    1602095278    1231233036   -1242405505   -2107687616
    1598035517    -179347879    -807001375   -1545190739    1506789948
    -204314587     693684332      58049060    1326011989   -1488075476
   -1618204111     665086481    1600244589   -1229292116     189097707
    -267944263      86747256    1211055866    1619169064    -713873178
    -950127502    1011138983    2128360187   -1317297700    1946727605
    1305795753   -2072329742   -2060606630   -1146830749     465356293
    -278394585    1567953224    1043949556    -491909626   -1405093308
     571302166    1713426483     841952522   -1953639924     116634522
    -420610177   -1198465320     -45665631    1189414483    1349929956
     786481427    -947377147    -586589326   -1018677432     -63870705
   -1071126163    -366279571    -563366210     784673499     870945162
     -35524163    1113947861     564487482    1076074852     -89994862
      98249653    1089540175      -9190065     -85684143    -696789785
      46747979   -1321710492    2046625665    -638590477   -1369201234
    -665365820    1374683154   -1454050549    1634023660    -711547286
    1311423571     530100126   -1420735830   -1516457943    2140829507
    -332557019     -38793620     -62764495    2134443274    1348768148
    -195272909     498948258     375808251     300794650     -87061754
    1632610441    1797260039    -151401731   -1523246100     140672770
     621018647   -2033812328     513933918     664518201      46473922
    -546576525     571279315    1122331470   -1460277401   -1691175163
     140513900    1172918022     649408285     229750153    2072900600
   -1766172127     396130000   -1546754082    1592157181    1834622403
    -954527742     534696593     223497817    -686618974    -826617668
    -408637127    -368460477    -566556215    1944190283   -1766014819
    1553872294     -80007232    -533916392   -1285411554   -1538825040
    -350524893   -1016145475     981657174    -750135061     446953730
     868068434   -1877207216    1389538517     504169240     241192522
    1993480451     772171117     -13134054   -1804536780   -1661847801
     -98783661    -574286359   -1071699297     -75508381   -1153917976
     962396022    1073784113    1616990388     378220808     764367587
   -1999040251    1790611189   -1447352142     -42014239    1017130292
    -914908291   -1172755613    -367660893    1342989291    -667689163
    -623101908     224177544    1636530018   -1086227342    1882334720
    -225337262   -2142703087   -2020204488    -510909360    -893963361
     972857400    1223916428    1484696736     -12126681    1279566158
     427228389    -196112030   -1640991129    -828841777     740776031
     690527769    -918200294    1378987172    -777741694    -676871015
    -316259937     161103659     302836346    2090141334    -484211196
   -1983244342      59743302    1966944568    1515043768    -413779563
    1597566198     275041407   -1314370447   -2026233718     799231401
     847461468      77940078    1594156361    -545958830    -779768626
     741885143      63250791   -1188685303   -2146154182   -1314820135
   -1134438066    1580796592     358343844   -1927784319    -377213489
   -1731435752    -582174532    -537106775     -65898391    -998750593
    1964814286     651689910   -2063870840     900593326     761611948
     713950199   -1881711741    1487480906     878820796     788404216
     494637375   -2064870941     829955556   -2131472931   -1908246128
    -317499518    -380337923     826516821   -1186999608    -999801254
    -976107116     775144874    1827071280   -1291265830    -252317021
    1940014397   -1580225007    -166094880      56364793     208124378
     127679365    -391887979    1375292890    -599908752   -1610506304
     930934519    1302906151    1723992911     841730799     641398840
    -671555484    1684249228    -558632800      16518414     640130425
    -670911159   -1345438585   -1658386806   -1298423990     617737347
    2019534830    2022433670    1886597297   -1094979628   -1214924709
       5413426      23032049     933769465    -844648933    1472171644
    1097770427    1828270716   -1235908232   -1543126960     799987391
     647214010    -951039228   -1658273312    1233212064   -1188929484
    -892851392    1717140388    1789704888     812980874    -526129345
   -1538558933    1118762261    1085912017    -126240921     531012733
    1281940760    -449150765    1342547865    -849949101    1574618582
    -886946246   -1635322387      62598878    -410052611    -777674504
    -921209892    2021941504    -254633367    -879553215     369813579
     907304036     424518974     391922015   -2073832162     999539230
   -1107479204     -69885301      68228025    -123310708   -1694538383
    -727598400    1430652561   -1845304636   -2094129970
